2.220446049250313081e-16 2.974041902563301321e+01 8.735334666243165458e+00 6.342828282119405969e+01 9.753690241692572727e+01 8.437860264947485689e+01 5.857259992446613950e+01 1.021434462621273553e+01 6.334835681637073890e+00 4.577164129162581219e+01 4.031549588909953030e+01
4.497935101116323864e+01 2.220446049250313081e-16 5.570240700188156424e+00 6.655144466041149087e+01 9.589312645594213791e+01 2.061138506191739594e+01 2.409931048077473825e+00 5.656494035853513225e+01 6.231805013106295377e+01 6.640675703114908401e+01 1.714058110546621094e+01
1.769624734810529887e+01 2.242129632219235091e+01 2.220446049250313081e-16 9.840852582437329943e+01 7.616462375658302619e+01 7.299831029523751624e+00 1.760879329996573972e+01 5.436783087689450866e+01 2.572234968311623149e+01 2.822076532884535283e+01 9.996977086094118192e+01
7.022350632054502739e+01 9.159983677036123595e+01 7.708691057362079846e+01 2.220446049250313081e-16 1.541317959884508326e+01 3.152472140883119067e+01 5.691264711187500325e+01 7.543464530927835199e+00 7.565598725225697763e+01 1.059368013307296863e+01 2.295847636730972141e+01
6.157146753742126322e+01 9.684684278889395159e+01 6.265254667342796324e+01 8.172960921729167438e+00 2.220446049250313081e-16 1.630237358969704076e+01 5.348215965171654318e+01 4.664609499060162534e+01 1.509226168082034025e+00 8.752150145761594047e+01 7.963790137644325284e+01
8.775949328091076040e+01 5.042317604032474776e+01 6.969523373767579244e+01 6.900400378673101898e+01 4.814975177650408966e+01 2.220446049250313081e-16 8.058418041966575629e+01 6.711767220224729158e+01 1.544770042298364565e+01 7.869358267194481016e+01 7.948422782101684447e+01
2.047962868590180729e+00 9.874856828157632549e+01 4.499649881659766493e+01 5.298601519175194952e+00 2.260361891518562061e+01 6.723101387367280779e+01 2.220446049250313081e-16 6.347119518854660214e+01 3.483793562433067592e+01 1.348612560879038824e+01 7.239446074769287520e+01
4.926567559226264592e+01 2.591743109003240519e+01 2.015846971325435533e+01 8.139204283935546869e+01 4.836472392925072583e+00 1.437366712688396042e+01 1.783671627000293824e+01 2.220446049250313081e-16 8.212474347000301123e+01 8.020434886832525478e+01 3.466215370278607821e+01
7.539623846680719055e+01 8.838361625148213818e+01 1.496643383689313467e+01 6.276003900600506569e+01 3.245085821163665685e+01 7.415303142314041907e+01 3.815014430948752988e+01 1.537465191592878355e+01 2.220446049250313081e-16 1.238239467314137343e+01 2.692553709653047278e+01
2.024967578113356836e+01 6.067122129933787278e+01 7.535180550223039120e+01 7.681077061190291033e+01 6.851168202266831031e+01 2.558614812081760892e+00 5.602884285611959569e+01 7.567376971844268496e+01 3.089120175785212652e+01 2.220446049250313081e-16 6.383986202708793201e+01
1.565073222346945414e+01 1.105782511531191403e+01 9.725577697040850467e+01 4.984142131044330881e+01 6.113505037893693839e+01 7.008418906727240483e+01 9.234262479737130036e+01 7.069816940472711053e+01 3.028829100933071317e+01 2.298837172376135740e+01 2.220446049250313081e-16
