2.220446049250313081e-16 8.762918350755593622e+01 6.065608152628224303e+01 3.619734192671921846e+01 6.862765377064285133e+01 3.480009982178609107e+01 3.640970002750151480e+01 8.259524678767445494e+01 5.031961833269178186e+01 1.441377458093978703e+01
9.085693686802842706e+01 2.220446049250313081e-16 5.550941325277248950e+01 9.649935260147148597e+01 5.512915415318898482e+01 9.830407055640765890e+00 4.315052790900799806e+01 7.667623095026610258e+01 4.667310716579400065e+01 3.534038272810752090e+01
3.619895178278608228e+01 4.173437745837873791e+01 2.220446049250313081e-16 1.976811135553835364e+00 4.477246646955897802e+01 1.660746365838653560e+01 2.943997900671790902e-01 2.095652663745940458e+01 8.387592326608228177e+00 3.593356721848618207e+01
7.384726421773245875e+01 3.662506852309962113e+01 9.501662832417009952e+01 2.220446049250313081e-16 6.444996572990525863e+01 4.041055862864791948e+01 6.786434526002092582e+01 5.048160841403171872e+01 5.858151901209068768e+01 1.583866155579683976e+01
3.168889719341468947e+01 6.505192424457031564e+01 2.338744243767294506e+01 3.922963369958232249e+01 2.220446049250313081e-16 6.325523216477723309e+01 4.027565510268239279e+01 2.298899865740788862e+00 1.450497641613353039e+01 6.725938364235571498e+01
1.568059968319384012e+01 3.472361545540528738e+01 3.018262353673862819e+01 6.987558467160501152e+01 9.353838324872539545e+01 2.220446049250313081e-16 8.940720470487522675e+01 7.363872258946747706e+01 9.057297063919993718e+01 2.043860732998343721e+01
1.636726905547894972e+01 3.377901945609669099e+01 2.221114987738015500e+01 2.130961283760754910e+01 1.082266199581768440e+01 4.803321389582907130e+01 2.220446049250313081e-16 1.327301087709800242e+01 9.107557925807917343e+01 1.939976450647994355e+01
1.301060913968510313e+01 2.567348015001147399e+00 6.880870997617914497e+01 2.622382501007026789e+01 6.171970228787731827e+01 8.895833466434463332e+01 9.045576762250951219e+01 2.220446049250313081e-16 9.885009924616383614e+01 5.902890379758613193e+01
7.545146624703058080e+01 1.829723893532036882e+01 5.839143270880772008e+01 4.685494349119863244e+01 6.190656332077539759e+01 3.022467036141074370e+00 9.656593645921476821e+01 5.939376205662965447e+01 2.220446049250313081e-16 9.085822707119582731e+01
1.010905305986203828e+01 8.673160000119206359e+01 7.628709733480411614e+01 6.879907616059298903e+01 4.907877900595665466e+01 3.854332150176524863e+01 6.208829090695247999e+01 1.054815584403677775e+01 5.163792527169496083e+01 2.220446049250313081e-16
