2.220446049250313081e-16 3.557317293137485237e+00 5.258371943082156008e+01 9.694628100874932386e+01 3.357767872312770407e+01 6.141263385612707282e+01 1.129780771298327657e+00 5.687721180313823766e+01 5.337414833426434058e+01 4.515465161181258935e+01 4.568598158515413132e+01
2.400464672276437739e+01 2.220446049250313081e-16 3.182350664395567819e+01 9.404346251526423828e+01 6.938649922663373104e+01 7.632578460186955738e+00 4.428591293678971397e+01 2.436414639288668837e+01 1.237157360492774316e+01 2.163456142826280981e+01 2.854514840957121891e+01
9.164029873659679026e+01 4.977243818247460894e+01 2.220446049250313081e-16 2.968717935374720618e+00 4.218384811428198589e+01 4.705961788220558439e+00 5.046174518787205798e+00 2.393212954038950357e+01 8.832794537920860023e+01 6.981478937795493778e+01 3.087459507534884295e+00
4.868928131352312505e+00 8.784201918039303791e+01 4.173180109086066381e+01 2.220446049250313081e-16 9.927674901724034839e+01 1.742141748424511505e+01 5.763360060576052746e+01 7.404219262911705357e+01 5.698329891792478463e+01 5.115979704051496668e+01 6.053856710677275288e+01
8.762871047851761830e+01 2.035553051395530133e+01 7.825590991631324300e+01 3.914415536119597760e+01 2.220446049250313081e-16 5.795030794182684275e+01 6.275033074071198058e+01 2.037486256330211987e+01 8.099187168430046313e+01 3.637298815754096637e+01 9.455129544868601243e+00
6.243213801085097714e+01 2.573648649783852704e+01 9.592142273385638873e+01 9.489647930846865620e+01 7.243191380789799894e+01 2.220446049250313081e-16 5.916947465307976728e+01 7.868275221312916301e+01 1.538087263533455307e+01 6.321870268786445735e+01 7.052949452459786528e+01
3.242782003733860563e+01 9.651262068374765590e+01 7.024607728689318265e+01 1.513206835413440920e+01 4.038937162464655017e+01 6.622052019753226659e+01 2.220446049250313081e-16 8.231363607994805420e+01 4.164753565497035481e+01 6.409517163838462750e+01 7.826018483064697762e+01
9.739756715901067707e+01 5.787247257361294572e+01 1.427013761808472125e+01 6.267823238769963723e+01 9.456790293370224276e+01 9.187552834685629932e+01 2.899508098971155334e+01 2.220446049250313081e-16 1.504802862035797872e+01 6.686731555269393823e+01 9.058286739242787178e+01
2.310068539835976509e+01 8.734101806352734343e+01 5.582039653177815097e+01 1.386057061732796036e+01 3.807427334099815397e+01 3.908761265701186005e+01 6.316346323092285786e+01 2.100196684278409265e+01 2.220446049250313081e-16 5.443176654406882875e+01 1.647478531963763970e+01
7.560420742730200061e+01 4.213852995096696219e+01 2.961739513129787582e+01 5.731515748701953683e+00 9.748212738606204653e+01 9.463349301381934708e+01 2.454081428406911414e+01 2.075808496186704044e+00 5.250583170194926907e+01 2.220446049250313081e-16 2.128792038834520639e+01
8.788825923735998913e+00 6.873318865100763730e+01 4.296553521592932157e+01 7.222705983621904124e+01 7.739544555690574157e+01 7.380977668642668732e+01 8.525124630562123684e+01 9.045421107297457297e+01 7.759431669047167190e+01 1.545922054981441107e+01 2.220446049250313081e-16
